0.000000 0.000000 0.000000 
0.037037 0.000000 0.000000 
0.074074 0.000000 0.000000 
0.111111 0.000000 0.000000 
0.148148 0.000000 0.000000 
0.185185 0.000000 0.000000 
0.222222 0.000000 0.000000 
0.259259 0.000000 0.000000 
0.296296 0.000000 0.000000 
0.333333 0.000000 0.000000 
0.370370 0.000000 0.000000 
0.407407 0.000000 0.000000 
0.444444 0.000000 0.000000 
0.481481 0.000000 0.000000 
0.518519 0.000000 0.000000 
0.555556 0.000000 0.000000 
0.592593 0.000000 0.000000 
0.629630 0.000000 0.000000 
0.666667 0.000000 0.000000 
0.703704 0.000000 0.000000 
0.740741 0.000000 0.000000 
0.777778 0.000000 0.000000 
0.814815 0.000000 0.000000 
0.851852 0.000000 0.000000 
0.888889 0.000000 0.000000 
0.925926 0.000000 0.000000 
0.962963 0.000000 0.000000 
1.000000 0.000000 0.000000 
0.000000 0.037037 0.000000 
0.037037 0.037037 0.000000 
0.074074 0.037037 0.000000 
0.111111 0.037037 0.000000 
0.148148 0.037037 0.000000 
0.185185 0.037037 0.000000 
0.222222 0.037037 0.000000 
0.259259 0.037037 0.000000 
0.296296 0.037037 0.000000 
0.333333 0.037037 0.000000 
0.370370 0.037037 0.000000 
0.407407 0.037037 0.000000 
0.444444 0.037037 0.000000 
0.481481 0.037037 0.000000 
0.518519 0.037037 0.000000 
0.555556 0.037037 0.000000 
0.592593 0.037037 0.000000 
0.629630 0.037037 0.000000 
0.666667 0.037037 0.000000 
0.703704 0.037037 0.000000 
0.740741 0.037037 0.000000 
0.777778 0.037037 0.000000 
0.814815 0.037037 0.000000 
0.851852 0.037037 0.000000 
0.888889 0.037037 0.000000 
0.925926 0.037037 0.000000 
0.962963 0.037037 0.000000 
1.000000 0.037037 0.000000 
0.000000 0.074074 0.000000 
0.037037 0.074074 0.000000 
0.074074 0.074074 0.000000 
0.111111 0.074074 0.000000 
0.148148 0.074074 0.000000 
0.185185 0.074074 0.000000 
0.222222 0.074074 0.000000 
0.259259 0.074074 0.000000 
0.296296 0.074074 0.000000 
0.333333 0.074074 0.000000 
0.370370 0.074074 0.000000 
0.407407 0.074074 0.000000 
0.444444 0.074074 0.000000 
0.481481 0.074074 0.000000 
0.518519 0.074074 0.000000 
0.555556 0.074074 0.000000 
0.592593 0.074074 0.000000 
0.629630 0.074074 0.000000 
0.666667 0.074074 0.000000 
0.703704 0.074074 0.000000 
0.740741 0.074074 0.000000 
0.777778 0.074074 0.000000 
0.814815 0.074074 0.000000 
0.851852 0.074074 0.000000 
0.888889 0.074074 0.000000 
0.925926 0.074074 0.000000 
0.962963 0.074074 0.000000 
1.000000 0.074074 0.000000 
0.000000 0.111111 0.000000 
0.037037 0.111111 0.000000 
0.074074 0.111111 0.000000 
0.111111 0.111111 0.000000 
0.148148 0.111111 0.000000 
0.185185 0.111111 0.000000 
0.222222 0.111111 0.000000 
0.259259 0.111111 0.000000 
0.296296 0.111111 0.000000 
0.333333 0.111111 0.000000 
0.370370 0.111111 0.000000 
0.407407 0.111111 0.000000 
0.444444 0.111111 0.000000 
0.481481 0.111111 0.000000 
0.518519 0.111111 0.000000 
0.555556 0.111111 0.000000 
0.592593 0.111111 0.000000 
0.629630 0.111111 0.000000 
0.666667 0.111111 0.000000 
0.703704 0.111111 0.000000 
0.740741 0.111111 0.000000 
0.777778 0.111111 0.000000 
0.814815 0.111111 0.000000 
0.851852 0.111111 0.000000 
0.888889 0.111111 0.000000 
0.925926 0.111111 0.000000 
0.962963 0.111111 0.000000 
1.000000 0.111111 0.000000 
0.000000 0.148148 0.000000 
0.037037 0.148148 0.000000 
0.074074 0.148148 0.000000 
0.111111 0.148148 0.000000 
0.148148 0.148148 0.000000 
0.185185 0.148148 0.000000 
0.222222 0.148148 0.000000 
0.259259 0.148148 0.000000 
0.296296 0.148148 0.000000 
0.333333 0.148148 0.000000 
0.370370 0.148148 0.000000 
0.407407 0.148148 0.000000 
0.444444 0.148148 0.000000 
0.481481 0.148148 0.000000 
0.518519 0.148148 0.000000 
0.555556 0.148148 0.000000 
0.592593 0.148148 0.000000 
0.629630 0.148148 0.000000 
0.666667 0.148148 0.000000 
0.703704 0.148148 0.000000 
0.740741 0.148148 0.000000 
0.777778 0.148148 0.000000 
0.814815 0.148148 0.000000 
0.851852 0.148148 0.000000 
0.888889 0.148148 0.000000 
0.925926 0.148148 0.000000 
0.962963 0.148148 0.000000 
1.000000 0.148148 0.000000 
0.000000 0.185185 0.000000 
0.037037 0.185185 0.000000 
0.074074 0.185185 0.000000 
0.111111 0.185185 0.000000 
0.148148 0.185185 0.000000 
0.185185 0.185185 0.000000 
0.222222 0.185185 0.000000 
0.259259 0.185185 0.000000 
0.296296 0.185185 0.000000 
0.333333 0.185185 0.000000 
0.370370 0.185185 0.000000 
0.407407 0.185185 0.000000 
0.444444 0.185185 0.223529 
0.481481 0.185185 0.929412 
0.518519 0.185185 0.231373 
0.555556 0.185185 0.000000 
0.592593 0.185185 0.000000 
0.629630 0.185185 0.000000 
0.666667 0.185185 0.000000 
0.703704 0.185185 0.000000 
0.740741 0.185185 0.000000 
0.777778 0.185185 0.000000 
0.814815 0.185185 0.000000 
0.851852 0.185185 0.000000 
0.888889 0.185185 0.000000 
0.925926 0.185185 0.000000 
0.962963 0.185185 0.000000 
1.000000 0.185185 0.000000 
0.000000 0.222222 0.000000 
0.037037 0.222222 0.000000 
0.074074 0.222222 0.000000 
0.111111 0.222222 0.000000 
0.148148 0.222222 0.000000 
0.185185 0.222222 0.000000 
0.222222 0.222222 0.000000 
0.259259 0.222222 0.000000 
0.296296 0.222222 0.000000 
0.333333 0.222222 0.000000 
0.370370 0.222222 0.000000 
0.407407 0.222222 0.200000 
0.444444 0.222222 0.921569 
0.481481 0.222222 0.980392 
0.518519 0.222222 0.086275 
0.555556 0.222222 0.000000 
0.592593 0.222222 0.000000 
0.629630 0.222222 0.000000 
0.666667 0.222222 0.000000 
0.703704 0.222222 0.000000 
0.740741 0.222222 0.000000 
0.777778 0.222222 0.000000 
0.814815 0.222222 0.000000 
0.851852 0.222222 0.000000 
0.888889 0.222222 0.000000 
0.925926 0.222222 0.000000 
0.962963 0.222222 0.000000 
1.000000 0.222222 0.000000 
0.000000 0.259259 0.000000 
0.037037 0.259259 0.000000 
0.074074 0.259259 0.000000 
0.111111 0.259259 0.000000 
0.148148 0.259259 0.000000 
0.185185 0.259259 0.000000 
0.222222 0.259259 0.000000 
0.259259 0.259259 0.000000 
0.296296 0.259259 0.000000 
0.333333 0.259259 0.000000 
0.370370 0.259259 0.043137 
0.407407 0.259259 0.713726 
0.444444 0.259259 0.996078 
0.481481 0.259259 0.749020 
0.518519 0.259259 0.000000 
0.555556 0.259259 0.000000 
0.592593 0.259259 0.000000 
0.629630 0.259259 0.000000 
0.666667 0.259259 0.000000 
0.703704 0.259259 0.000000 
0.740741 0.259259 0.000000 
0.777778 0.259259 0.000000 
0.814815 0.259259 0.000000 
0.851852 0.259259 0.000000 
0.888889 0.259259 0.000000 
0.925926 0.259259 0.000000 
0.962963 0.259259 0.000000 
1.000000 0.259259 0.000000 
0.000000 0.296296 0.000000 
0.037037 0.296296 0.000000 
0.074074 0.296296 0.000000 
0.111111 0.296296 0.000000 
0.148148 0.296296 0.000000 
0.185185 0.296296 0.000000 
0.222222 0.296296 0.000000 
0.259259 0.296296 0.000000 
0.296296 0.296296 0.000000 
0.333333 0.296296 0.000000 
0.370370 0.296296 0.588235 
0.407407 0.296296 0.996078 
0.444444 0.296296 0.815686 
0.481481 0.296296 0.152941 
0.518519 0.296296 0.000000 
0.555556 0.296296 0.000000 
0.592593 0.296296 0.000000 
0.629630 0.296296 0.000000 
0.666667 0.296296 0.000000 
0.703704 0.296296 0.000000 
0.740741 0.296296 0.000000 
0.777778 0.296296 0.000000 
0.814815 0.296296 0.000000 
0.851852 0.296296 0.000000 
0.888889 0.296296 0.000000 
0.925926 0.296296 0.000000 
0.962963 0.296296 0.000000 
1.000000 0.296296 0.000000 
0.000000 0.333333 0.000000 
0.037037 0.333333 0.000000 
0.074074 0.333333 0.000000 
0.111111 0.333333 0.000000 
0.148148 0.333333 0.000000 
0.185185 0.333333 0.000000 
0.222222 0.333333 0.000000 
0.259259 0.333333 0.000000 
0.296296 0.333333 0.000000 
0.333333 0.333333 0.349020 
0.370370 0.333333 0.972549 
0.407407 0.333333 0.996078 
0.444444 0.333333 0.709804 
0.481481 0.333333 0.000000 
0.518519 0.333333 0.000000 
0.555556 0.333333 0.000000 
0.592593 0.333333 0.000000 
0.629630 0.333333 0.000000 
0.666667 0.333333 0.105882 
0.703704 0.333333 0.635294 
0.740741 0.333333 0.678431 
0.777778 0.333333 0.000000 
0.814815 0.333333 0.000000 
0.851852 0.333333 0.000000 
0.888889 0.333333 0.000000 
0.925926 0.333333 0.000000 
0.962963 0.333333 0.000000 
1.000000 0.333333 0.000000 
0.000000 0.370370 0.000000 
0.037037 0.370370 0.000000 
0.074074 0.370370 0.000000 
0.111111 0.370370 0.000000 
0.148148 0.370370 0.000000 
0.185185 0.370370 0.000000 
0.222222 0.370370 0.000000 
0.259259 0.370370 0.000000 
0.296296 0.370370 0.231373 
0.333333 0.370370 0.972549 
0.370370 0.370370 1.000000 
0.407407 0.370370 0.839216 
0.444444 0.370370 0.105882 
0.481481 0.370370 0.000000 
0.518519 0.370370 0.000000 
0.555556 0.370370 0.000000 
0.592593 0.370370 0.000000 
0.629630 0.370370 0.101961 
0.666667 0.370370 0.666667 
0.703704 0.370370 0.996078 
0.740741 0.370370 0.513726 
0.777778 0.370370 0.000000 
0.814815 0.370370 0.000000 
0.851852 0.370370 0.000000 
0.888889 0.370370 0.000000 
0.925926 0.370370 0.000000 
0.962963 0.370370 0.000000 
1.000000 0.370370 0.000000 
0.000000 0.407407 0.000000 
0.037037 0.407407 0.000000 
0.074074 0.407407 0.000000 
0.111111 0.407407 0.000000 
0.148148 0.407407 0.000000 
0.185185 0.407407 0.000000 
0.222222 0.407407 0.000000 
0.259259 0.407407 0.129412 
0.296296 0.407407 0.917647 
0.333333 0.407407 0.996078 
0.370370 0.407407 0.839216 
0.407407 0.407407 0.113725 
0.444444 0.407407 0.000000 
0.481481 0.407407 0.000000 
0.518519 0.407407 0.000000 
0.555556 0.407407 0.000000 
0.592593 0.407407 0.000000 
0.629630 0.407407 0.541176 
0.666667 0.407407 0.996078 
0.703704 0.407407 0.827451 
0.740741 0.407407 0.054902 
0.777778 0.407407 0.000000 
0.814815 0.407407 0.000000 
0.851852 0.407407 0.000000 
0.888889 0.407407 0.000000 
0.925926 0.407407 0.000000 
0.962963 0.407407 0.000000 
1.000000 0.407407 0.000000 
0.000000 0.444444 0.000000 
0.037037 0.444444 0.000000 
0.074074 0.444444 0.000000 
0.111111 0.444444 0.000000 
0.148148 0.444444 0.000000 
0.185185 0.444444 0.000000 
0.222222 0.444444 0.000000 
0.259259 0.444444 0.415686 
0.296296 0.444444 0.996078 
0.333333 0.444444 0.972549 
0.370370 0.444444 0.231373 
0.407407 0.444444 0.000000 
0.444444 0.444444 0.000000 
0.481481 0.444444 0.000000 
0.518519 0.444444 0.000000 
0.555556 0.444444 0.000000 
0.592593 0.444444 0.211765 
0.629630 0.444444 0.913725 
0.666667 0.444444 0.968627 
0.703704 0.444444 0.215686 
0.740741 0.444444 0.000000 
0.777778 0.444444 0.000000 
0.814815 0.444444 0.000000 
0.851852 0.444444 0.000000 
0.888889 0.444444 0.000000 
0.925926 0.444444 0.000000 
0.962963 0.444444 0.000000 
1.000000 0.444444 0.000000 
0.000000 0.481481 0.000000 
0.037037 0.481481 0.000000 
0.074074 0.481481 0.000000 
0.111111 0.481481 0.000000 
0.148148 0.481481 0.000000 
0.185185 0.481481 0.000000 
0.222222 0.481481 0.000000 
0.259259 0.481481 0.560784 
0.296296 0.481481 0.996078 
0.333333 0.481481 0.717647 
0.370370 0.481481 0.000000 
0.407407 0.481481 0.000000 
0.444444 0.481481 0.000000 
0.481481 0.481481 0.000000 
0.518519 0.481481 0.000000 
0.555556 0.481481 0.000000 
0.592593 0.481481 0.572549 
0.629630 0.481481 0.996078 
0.666667 0.481481 0.866667 
0.703704 0.481481 0.000000 
0.740741 0.481481 0.000000 
0.777778 0.481481 0.000000 
0.814815 0.481481 0.000000 
0.851852 0.481481 0.000000 
0.888889 0.481481 0.000000 
0.925926 0.481481 0.000000 
0.962963 0.481481 0.000000 
1.000000 0.481481 0.000000 
0.000000 0.518519 0.000000 
0.037037 0.518519 0.000000 
0.074074 0.518519 0.000000 
0.111111 0.518519 0.000000 
0.148148 0.518519 0.000000 
0.185185 0.518519 0.000000 
0.222222 0.518519 0.000000 
0.259259 0.518519 0.960784 
0.296296 0.518519 0.996078 
0.333333 0.518519 0.239216 
0.370370 0.518519 0.000000 
0.407407 0.518519 0.000000 
0.444444 0.518519 0.000000 
0.481481 0.518519 0.000000 
0.518519 0.518519 0.000000 
0.555556 0.518519 0.082353 
0.592593 0.518519 0.827451 
0.629630 0.518519 0.996078 
0.666667 0.518519 0.215686 
0.703704 0.518519 0.000000 
0.740741 0.518519 0.000000 
0.777778 0.518519 0.000000 
0.814815 0.518519 0.086275 
0.851852 0.518519 0.000000 
0.888889 0.518519 0.000000 
0.925926 0.518519 0.000000 
0.962963 0.518519 0.000000 
1.000000 0.518519 0.000000 
0.000000 0.555556 0.000000 
0.037037 0.555556 0.000000 
0.074074 0.555556 0.000000 
0.111111 0.555556 0.000000 
0.148148 0.555556 0.000000 
0.185185 0.555556 0.000000 
0.222222 0.555556 0.000000 
0.259259 0.555556 0.800000 
0.296296 0.555556 0.996078 
0.333333 0.555556 0.603922 
0.370370 0.555556 0.121569 
0.407407 0.555556 0.000000 
0.444444 0.555556 0.000000 
0.481481 0.555556 0.000000 
0.518519 0.555556 0.000000 
0.555556 0.555556 0.545098 
0.592593 0.555556 0.996078 
0.629630 0.555556 0.721569 
0.666667 0.555556 0.011765 
0.703704 0.555556 0.000000 
0.740741 0.555556 0.000000 
0.777778 0.555556 0.537255 
0.814815 0.555556 0.686275 
0.851852 0.555556 0.000000 
0.888889 0.555556 0.000000 
0.925926 0.555556 0.000000 
0.962963 0.555556 0.000000 
1.000000 0.555556 0.000000 
0.000000 0.592593 0.000000 
0.037037 0.592593 0.000000 
0.074074 0.592593 0.000000 
0.111111 0.592593 0.000000 
0.148148 0.592593 0.000000 
0.185185 0.592593 0.000000 
0.222222 0.592593 0.000000 
0.259259 0.592593 0.298039 
0.296296 0.592593 0.956863 
0.333333 0.592593 0.996078 
0.370370 0.592593 0.870588 
0.407407 0.592593 0.384314 
0.444444 0.592593 0.164706 
0.481481 0.592593 0.164706 
0.518519 0.592593 0.164706 
0.555556 0.592593 0.831373 
0.592593 0.592593 0.996078 
0.629630 0.592593 0.705882 
0.666667 0.592593 0.384314 
0.703704 0.592593 0.572549 
0.740741 0.592593 0.941176 
0.777778 0.592593 0.949020 
0.814815 0.592593 0.294118 
0.851852 0.592593 0.000000 
0.888889 0.592593 0.000000 
0.925926 0.592593 0.000000 
0.962963 0.592593 0.000000 
1.000000 0.592593 0.000000 
0.000000 0.629630 0.000000 
0.037037 0.629630 0.000000 
0.074074 0.629630 0.000000 
0.111111 0.629630 0.000000 
0.148148 0.629630 0.000000 
0.185185 0.629630 0.000000 
0.222222 0.629630 0.000000 
0.259259 0.629630 0.000000 
0.296296 0.629630 0.313726 
0.333333 0.629630 0.827451 
0.370370 0.629630 0.996078 
0.407407 0.629630 0.996078 
0.444444 0.629630 0.996078 
0.481481 0.629630 0.996078 
0.518519 0.629630 0.996078 
0.555556 0.629630 0.996078 
0.592593 0.629630 0.996078 
0.629630 0.629630 0.996078 
0.666667 0.629630 0.996078 
0.703704 0.629630 0.996078 
0.740741 0.629630 0.650980 
0.777778 0.629630 0.180392 
0.814815 0.629630 0.000000 
0.851852 0.629630 0.000000 
0.888889 0.629630 0.000000 
0.925926 0.629630 0.000000 
0.962963 0.629630 0.000000 
1.000000 0.629630 0.000000 
0.000000 0.666667 0.000000 
0.037037 0.666667 0.000000 
0.074074 0.666667 0.000000 
0.111111 0.666667 0.000000 
0.148148 0.666667 0.000000 
0.185185 0.666667 0.000000 
0.222222 0.666667 0.000000 
0.259259 0.666667 0.000000 
0.296296 0.666667 0.000000 
0.333333 0.666667 0.031373 
0.370370 0.666667 0.345098 
0.407407 0.666667 0.470588 
0.444444 0.666667 0.733333 
0.481481 0.666667 0.878431 
0.518519 0.666667 0.996078 
0.555556 0.666667 0.996078 
0.592593 0.666667 0.858824 
0.629630 0.666667 0.470588 
0.666667 0.666667 0.250980 
0.703704 0.666667 0.058824 
0.740741 0.666667 0.007843 
0.777778 0.666667 0.000000 
0.814815 0.666667 0.000000 
0.851852 0.666667 0.000000 
0.888889 0.666667 0.000000 
0.925926 0.666667 0.000000 
0.962963 0.666667 0.000000 
1.000000 0.666667 0.000000 
0.000000 0.703704 0.000000 
0.037037 0.703704 0.000000 
0.074074 0.703704 0.000000 
0.111111 0.703704 0.000000 
0.148148 0.703704 0.000000 
0.185185 0.703704 0.000000 
0.222222 0.703704 0.000000 
0.259259 0.703704 0.000000 
0.296296 0.703704 0.000000 
0.333333 0.703704 0.000000 
0.370370 0.703704 0.000000 
0.407407 0.703704 0.000000 
0.444444 0.703704 0.000000 
0.481481 0.703704 0.023529 
0.518519 0.703704 0.996078 
0.555556 0.703704 0.996078 
0.592593 0.703704 0.133333 
0.629630 0.703704 0.000000 
0.666667 0.703704 0.000000 
0.703704 0.703704 0.000000 
0.740741 0.703704 0.000000 
0.777778 0.703704 0.000000 
0.814815 0.703704 0.000000 
0.851852 0.703704 0.000000 
0.888889 0.703704 0.000000 
0.925926 0.703704 0.000000 
0.962963 0.703704 0.000000 
1.000000 0.703704 0.000000 
0.000000 0.740741 0.000000 
0.037037 0.740741 0.000000 
0.074074 0.740741 0.000000 
0.111111 0.740741 0.000000 
0.148148 0.740741 0.000000 
0.185185 0.740741 0.000000 
0.222222 0.740741 0.000000 
0.259259 0.740741 0.000000 
0.296296 0.740741 0.000000 
0.333333 0.740741 0.000000 
0.370370 0.740741 0.000000 
0.407407 0.740741 0.000000 
0.444444 0.740741 0.000000 
0.481481 0.740741 0.023529 
0.518519 0.740741 0.996078 
0.555556 0.740741 0.996078 
0.592593 0.740741 0.019608 
0.629630 0.740741 0.000000 
0.666667 0.740741 0.000000 
0.703704 0.740741 0.000000 
0.740741 0.740741 0.000000 
0.777778 0.740741 0.000000 
0.814815 0.740741 0.000000 
0.851852 0.740741 0.000000 
0.888889 0.740741 0.000000 
0.925926 0.740741 0.000000 
0.962963 0.740741 0.000000 
1.000000 0.740741 0.000000 
0.000000 0.777778 0.000000 
0.037037 0.777778 0.000000 
0.074074 0.777778 0.000000 
0.111111 0.777778 0.000000 
0.148148 0.777778 0.000000 
0.185185 0.777778 0.000000 
0.222222 0.777778 0.000000 
0.259259 0.777778 0.000000 
0.296296 0.777778 0.000000 
0.333333 0.777778 0.000000 
0.370370 0.777778 0.000000 
0.407407 0.777778 0.000000 
0.444444 0.777778 0.000000 
0.481481 0.777778 0.023529 
0.518519 0.777778 0.996078 
0.555556 0.777778 0.894118 
0.592593 0.777778 0.015686 
0.629630 0.777778 0.000000 
0.666667 0.777778 0.000000 
0.703704 0.777778 0.000000 
0.740741 0.777778 0.000000 
0.777778 0.777778 0.000000 
0.814815 0.777778 0.000000 
0.851852 0.777778 0.000000 
0.888889 0.777778 0.000000 
0.925926 0.777778 0.000000 
0.962963 0.777778 0.000000 
1.000000 0.777778 0.000000 
0.000000 0.814815 0.000000 
0.037037 0.814815 0.000000 
0.074074 0.814815 0.000000 
0.111111 0.814815 0.000000 
0.148148 0.814815 0.000000 
0.185185 0.814815 0.000000 
0.222222 0.814815 0.000000 
0.259259 0.814815 0.000000 
0.296296 0.814815 0.000000 
0.333333 0.814815 0.000000 
0.370370 0.814815 0.000000 
0.407407 0.814815 0.000000 
0.444444 0.814815 0.000000 
0.481481 0.814815 0.023529 
0.518519 0.814815 0.996078 
0.555556 0.814815 0.607843 
0.592593 0.814815 0.000000 
0.629630 0.814815 0.000000 
0.666667 0.814815 0.000000 
0.703704 0.814815 0.000000 
0.740741 0.814815 0.000000 
0.777778 0.814815 0.000000 
0.814815 0.814815 0.000000 
0.851852 0.814815 0.000000 
0.888889 0.814815 0.000000 
0.925926 0.814815 0.000000 
0.962963 0.814815 0.000000 
1.000000 0.814815 0.000000 
0.000000 0.851852 0.000000 
0.037037 0.851852 0.000000 
0.074074 0.851852 0.000000 
0.111111 0.851852 0.000000 
0.148148 0.851852 0.000000 
0.185185 0.851852 0.000000 
0.222222 0.851852 0.000000 
0.259259 0.851852 0.000000 
0.296296 0.851852 0.000000 
0.333333 0.851852 0.000000 
0.370370 0.851852 0.000000 
0.407407 0.851852 0.000000 
0.444444 0.851852 0.000000 
0.481481 0.851852 0.023529 
0.518519 0.851852 0.996078 
0.555556 0.851852 0.698039 
0.592593 0.851852 0.003922 
0.629630 0.851852 0.000000 
0.666667 0.851852 0.000000 
0.703704 0.851852 0.000000 
0.740741 0.851852 0.000000 
0.777778 0.851852 0.000000 
0.814815 0.851852 0.000000 
0.851852 0.851852 0.000000 
0.888889 0.851852 0.000000 
0.925926 0.851852 0.000000 
0.962963 0.851852 0.000000 
1.000000 0.851852 0.000000 
0.000000 0.888889 0.000000 
0.037037 0.888889 0.000000 
0.074074 0.888889 0.000000 
0.111111 0.888889 0.000000 
0.148148 0.888889 0.000000 
0.185185 0.888889 0.000000 
0.222222 0.888889 0.000000 
0.259259 0.888889 0.000000 
0.296296 0.888889 0.000000 
0.333333 0.888889 0.000000 
0.370370 0.888889 0.000000 
0.407407 0.888889 0.000000 
0.444444 0.888889 0.000000 
0.481481 0.888889 0.003922 
0.518519 0.888889 0.266667 
0.555556 0.888889 0.917647 
0.592593 0.888889 0.517647 
0.629630 0.888889 0.000000 
0.666667 0.888889 0.000000 
0.703704 0.888889 0.000000 
0.740741 0.888889 0.000000 
0.777778 0.888889 0.000000 
0.814815 0.888889 0.000000 
0.851852 0.888889 0.000000 
0.888889 0.888889 0.000000 
0.925926 0.888889 0.000000 
0.962963 0.888889 0.000000 
1.000000 0.888889 0.000000 
0.000000 0.925926 0.000000 
0.037037 0.925926 0.000000 
0.074074 0.925926 0.000000 
0.111111 0.925926 0.000000 
0.148148 0.925926 0.000000 
0.185185 0.925926 0.000000 
0.222222 0.925926 0.000000 
0.259259 0.925926 0.000000 
0.296296 0.925926 0.000000 
0.333333 0.925926 0.000000 
0.370370 0.925926 0.000000 
0.407407 0.925926 0.000000 
0.444444 0.925926 0.000000 
0.481481 0.925926 0.000000 
0.518519 0.925926 0.000000 
0.555556 0.925926 0.000000 
0.592593 0.925926 0.000000 
0.629630 0.925926 0.000000 
0.666667 0.925926 0.000000 
0.703704 0.925926 0.000000 
0.740741 0.925926 0.000000 
0.777778 0.925926 0.000000 
0.814815 0.925926 0.000000 
0.851852 0.925926 0.000000 
0.888889 0.925926 0.000000 
0.925926 0.925926 0.000000 
0.962963 0.925926 0.000000 
1.000000 0.925926 0.000000 
0.000000 0.962963 0.000000 
0.037037 0.962963 0.000000 
0.074074 0.962963 0.000000 
0.111111 0.962963 0.000000 
0.148148 0.962963 0.000000 
0.185185 0.962963 0.000000 
0.222222 0.962963 0.000000 
0.259259 0.962963 0.000000 
0.296296 0.962963 0.000000 
0.333333 0.962963 0.000000 
0.370370 0.962963 0.000000 
0.407407 0.962963 0.000000 
0.444444 0.962963 0.000000 
0.481481 0.962963 0.000000 
0.518519 0.962963 0.000000 
0.555556 0.962963 0.000000 
0.592593 0.962963 0.000000 
0.629630 0.962963 0.000000 
0.666667 0.962963 0.000000 
0.703704 0.962963 0.000000 
0.740741 0.962963 0.000000 
0.777778 0.962963 0.000000 
0.814815 0.962963 0.000000 
0.851852 0.962963 0.000000 
0.888889 0.962963 0.000000 
0.925926 0.962963 0.000000 
0.962963 0.962963 0.000000 
1.000000 0.962963 0.000000 
0.000000 1.000000 0.000000 
0.037037 1.000000 0.000000 
0.074074 1.000000 0.000000 
0.111111 1.000000 0.000000 
0.148148 1.000000 0.000000 
0.185185 1.000000 0.000000 
0.222222 1.000000 0.000000 
0.259259 1.000000 0.000000 
0.296296 1.000000 0.000000 
0.333333 1.000000 0.000000 
0.370370 1.000000 0.000000 
0.407407 1.000000 0.000000 
0.444444 1.000000 0.000000 
0.481481 1.000000 0.000000 
0.518519 1.000000 0.000000 
0.555556 1.000000 0.000000 
0.592593 1.000000 0.000000 
0.629630 1.000000 0.000000 
0.666667 1.000000 0.000000 
0.703704 1.000000 0.000000 
0.740741 1.000000 0.000000 
0.777778 1.000000 0.000000 
0.814815 1.000000 0.000000 
0.851852 1.000000 0.000000 
0.888889 1.000000 0.000000 
0.925926 1.000000 0.000000 
0.962963 1.000000 0.000000 
1.000000 1.000000 0.000000 
